1050.0 0.0 480.0 
0.0 1050.0 270.0 
0.0 0.0 1.0 
-0.009026270359754562 0.9999592304229736 -5.532973545996356e-08 
-0.16156117618083954 -0.0014584144810214639 -0.9868615865707397 
-0.9868214130401611 -0.008907674811780453 0.16156774759292603 
0.06318388879299164
1.1309282779693604
6.907750129699707
1050.0 0.0 480.0 
0.0 1050.0 270.0 
0.0 0.0 1.0 
-0.20231609046459198 0.9793204069137573 -4.293994493309583e-09 
-0.1579800546169281 -0.032636724412441254 -0.9869028925895691 
-0.9664940237998962 -0.19966623187065125 0.16131611168384552 
0.051608920097351074
1.1291813850402832
6.908132553100586
1050.0 0.0 480.0 
0.0 1050.0 270.0 
0.0 0.0 1.0 
-0.3877067565917969 0.9217829704284668 4.56854074570856e-08 
-0.14851729571819305 -0.06246696785092354 -0.986935019493103 
-0.9097397327423096 -0.3826412260532379 0.1611197143793106 
0.03810286521911621
1.1278201341629028
6.908442497253418
1050.0 0.0 480.0 
0.0 1050.0 270.0 
0.0 0.0 1.0 
-0.5583204030990601 0.8296255469322205 1.0370159486683406e-07 
-0.13355809450149536 -0.089881531894207 -0.986956775188446 
-0.8188045024871826 -0.5510380268096924 0.1609860211610794 
0.0231783390045166
1.1268949508666992
6.908659934997559
1050.0 0.0 480.0 
0.0 1050.0 270.0 
0.0 0.0 1.0 
-0.7078531980514526 0.7063597440719604 1.8184884709171456e-09 
-0.11366695910692215 -0.11390721797943115 -0.9869676232337952 
-0.69715416431427 -0.6986280679702759 0.1609194278717041 
0.007391691207885742
1.1264348030090332
6.9087700843811035
1050.0 0.0 480.0 
0.0 1050.0 270.0 
0.0 0.0 1.0 
-0.8307811617851257 0.5565993189811707 1.2672994387230574e-07 
-0.08956916630268097 -0.13369084894657135 -0.986967146396637 
-0.5493451952934265 -0.8199536800384521 0.16092202067375183 
-0.008667230606079102
1.126452922821045
6.9087653160095215
1050.0 0.0 480.0 
0.0 1050.0 270.0 
0.0 0.0 1.0 
-0.9225399494171143 0.38590243458747864 1.8234818810469733e-07 
-0.062128275632858276 -0.14852343499660492 -0.9869555234909058 
-0.38086843490600586 -0.9105055928230286 0.1609945446252823 
-0.02440667152404785
1.1269526481628418
6.908647060394287
1050.0 0.0 480.0 
0.0 1050.0 270.0 
0.0 0.0 1.0 
-0.9796766042709351 0.20058493316173553 -4.262800246124243e-07 
-0.032320503145456314 -0.1578584611415863 -0.9869328141212463 
-0.1979638934135437 -0.9668746590614319 0.16113346815109253 
-0.039237141609191895
1.1279147863388062
6.908421516418457
1050.0 0.0 480.0 
0.0 1050.0 270.0 
0.0 0.0 1.0 
-0.9999716877937317 0.007515526842325926 -3.3712377334182975e-10 
-0.0012125106295570731 -0.16132958233356476 -0.9868997931480408 
-0.007417072542011738 -0.9868719577789307 0.1613340824842453 
-0.052608687430620193
1.1293070316314697
6.908103942871094
1050.0 0.0 480.0 
0.0 1050.0 270.0 
0.0 0.0 1.0 
-0.9825283288955688 -0.1861131340265274 -2.2603452975999971e-07 
0.03007422760128975 -0.15876664221286774 -0.9868580102920532 
0.18366719782352448 -0.9696159362792969 0.16158993542194366 
-0.06401383876800537
1.13108229637146
6.907717704772949
1050.0 0.0 480.0 
0.0 1050.0 270.0 
0.0 0.0 1.0 
-0.92782062292099 -0.37302711606025696 -2.2409351174701442e-07 
0.06039019674062729 -0.15020625293254852 -0.9868086576461792 
0.36810630559921265 -0.915581226348877 0.16189180314540863 
-0.07300591468811035
1.133179783821106
6.907285213470459
1050.0 0.0 480.0 
0.0 1050.0 270.0 
0.0 0.0 1.0 
-0.8377055525779724 -0.5461224317550659 -7.179869498941116e-08 
0.08859653025865555 -0.1358993500471115 -0.9867533445358276 
0.5388880968093872 -0.8266086578369141 0.16222833096981049 
-0.07924127578735352
1.1355245113372803
6.906831741333008
1050.0 0.0 480.0 
0.0 1050.0 270.0 
0.0 0.0 1.0 
-0.7153880000114441 -0.6987276673316956 -2.0388636556845086e-08 
0.1136041060090065 -0.11631273478269577 -0.9866942763328552 
0.6894305348396301 -0.7058690786361694 0.16258718073368073 
-0.08246421813964844
1.1380304098129272
6.906381130218506
1050.0 0.0 480.0 
0.0 1050.0 270.0 
0.0 0.0 1.0 
-0.5653344392776489 -0.8248619437217712 -7.530361045837708e-08 
0.1344153732061386 -0.09212388843297958 -0.9866335988044739 
0.8138364553451538 -0.5577778220176697 0.16295504570007324 
-0.08252811431884766
1.1406052112579346
6.905955791473389
1050.0 0.0 480.0 
0.0 1050.0 270.0 
0.0 0.0 1.0 
-0.3931396007537842 -0.9194788336753845 1.0553048923611641e-07 
0.15016713738441467 -0.06420672684907913 -0.9865735769271851 
0.9071334600448608 -0.38786107301712036 0.1633177399635315 
-0.07941055297851562
1.1431505680084229
6.905571460723877
1050.0 0.0 480.0 
0.0 1050.0 270.0 
0.0 0.0 1.0 
-0.2053370475769043 -0.9786912798881531 1.5339018943905103e-08 
0.16017350554466248 -0.03360569849610329 -0.9865166544914246 
0.965495228767395 -0.2025684416294098 0.16366088390350342 
-0.07320857048034668
1.1455639600753784
6.905240058898926
1050.0 0.0 480.0 
0.0 1050.0 270.0 
0.0 0.0 1.0 
-0.009164146147668362 -0.9999579191207886 -7.881256181008212e-08 
0.16396422684192657 -0.0015026847831904888 -0.9864650368690491 
0.9864236116409302 -0.009040214121341705 0.16397102177143097 
-0.06414902955293655
1.147749662399292
6.904965877532959
1050.0 0.0 480.0 
0.0 1050.0 270.0 
0.0 0.0 1.0 
0.18771927058696747 -0.9822227954864502 -9.248758203739271e-08 
0.16131591796875 0.03083038330078125 -0.9864212274551392 
0.9688853621482849 0.18517033755779266 0.1642356961965561 
-0.052568912506103516
1.149617075920105
6.904755115509033
1050.0 0.0 480.0 
0.0 1050.0 270.0 
0.0 0.0 1.0 
0.3775419592857361 -0.9259925484657288 -6.859775680823077e-08 
0.15227356553077698 0.06208453327417374 -0.9863865375518799 
0.9133865237236023 0.3724023699760437 0.1644437462091446 
-0.038910627365112305
1.1510882377624512
6.904600143432617
1050.0 0.0 480.0 
0.0 1050.0 270.0 
0.0 0.0 1.0 
0.5527506470680237 -0.8333467245101929 -3.82517484354139e-08 
0.13715729117393494 0.09097515791654587 -0.9863627552986145 
0.8219821453094482 0.5452126264572144 0.1645861715078354 
-0.023710250854492188
1.1520966291427612
6.9045000076293945
1050.0 0.0 480.0 
0.0 1050.0 270.0 
0.0 0.0 1.0 
0.7063418626785278 -0.7078709602355957 7.532902301932154e-09 
0.11655616015195847 0.11630455404520035 -0.986350953578949 
0.6982091069221497 0.6967010498046875 0.16465753316879272 
-0.007569074630737305
1.152601718902588
6.904453277587891
1050.0 0.0 480.0 
0.0 1050.0 270.0 
0.0 0.0 1.0 
0.832173228263855 -0.5545157790184021 2.1993509236040154e-08 
0.09130349010229111 0.13702118396759033 -0.986351490020752 
0.5469473600387573 0.8208153247833252 0.16465461254119873 
0.008874893188476562
1.1525812149047852
6.904454708099365
1050.0 0.0 480.0 
0.0 1050.0 270.0 
0.0 0.0 1.0 
0.9252384901046753 -0.37938594818115234 -4.2150524848239e-08 
0.062438249588012695 0.1522732675075531 -0.9863642454147339 
0.37421274185180664 0.9126222133636475 0.16457729041576385 
0.024965763092041016
1.1520336866378784
6.904505729675293
1050.0 0.0 480.0 
0.0 1050.0 270.0 
0.0 0.0 1.0 
0.9818857908248901 -0.18947379291057587 -1.687621420387586e-08 
0.031154992058873177 0.16145071387290955 -0.9863889813423157 
0.18689484894275665 0.9685212969779968 0.1644292175769806 
0.04006397724151611
1.150985598564148
6.904609680175781
1050.0 0.0 480.0 
0.0 1050.0 270.0 
0.0 0.0 1.0 
0.9999707341194153 0.007653481792658567 -4.0458200678550327e-10 
-0.0012568276142701507 0.16421166062355042 -0.9864243865013123 
-0.007549580652266741 0.986395537853241 0.16421647369861603 
0.053574372082948685
1.1494816541671753
6.904768943786621
1050.0 0.0 480.0 
0.0 1050.0 270.0 
0.0 0.0 1.0 
0.9789323210716248 0.20418503880500793 7.695497572512977e-10 
-0.03347570449113846 0.1604938805103302 -0.986469030380249 
-0.20142221450805664 0.9656863808631897 0.16394788026809692 
0.06496989727020264
1.1475856304168701
6.904985427856445
1050.0 0.0 480.0 
0.0 1050.0 270.0 
0.0 0.0 1.0 
0.919792890548706 0.3924041986465454 3.98623889452665e-09 
-0.06421088427305222 0.15050989389419556 -0.9865210056304932 
-0.3871150016784668 0.9073950052261353 0.1636345386505127 
0.07381296157836914
1.1453781127929688
6.9052629470825195
1050.0 0.0 480.0 
0.0 1050.0 270.0 
0.0 0.0 1.0 
0.8250841498374939 0.5650098919868469 1.9279482899037248e-08 
-0.09226007014513016 0.13472744822502136 -0.9865782260894775 
-0.5574264526367188 0.8140100240707397 0.16328933835029602 
0.07977437973022461
1.1429510116577148
6.9055986404418945
1050.0 0.0 480.0 
0.0 1050.0 270.0 
0.0 0.0 1.0 
0.6987096667289734 0.7154054045677185 5.592116991692819e-08 
-0.11655789613723755 0.11383787542581558 -0.9866383671760559 
-0.70584636926651 0.689373791217804 0.16292577981948853 
0.08263993263244629
1.140401005744934
6.905987739562988
1050.0 0.0 480.0 
0.0 1050.0 270.0 
0.0 0.0 1.0 
0.5457534790039062 0.8379458785057068 1.678756689216243e-08 
-0.13621477782726288 0.0887167900800705 -0.9866991639137268 
-0.8268003463745117 0.5384945869445801 0.1625581681728363 
0.08232259750366211
1.13782799243927
6.906415939331055
1050.0 0.0 480.0 
0.0 1050.0 270.0 
0.0 0.0 1.0 
0.372251957654953 0.9281317591667175 -1.9583229260433654e-08 
-0.150543212890625 0.06037946417927742 -0.9867579936981201 
-0.9158413410186768 0.3673226535320282 0.16220037639141083 
0.07885289192199707
1.135330080986023
6.906867980957031
1050.0 0.0 480.0 
0.0 1050.0 270.0 
0.0 0.0 1.0 
0.1849377304315567 0.9827502965927124 6.00877285705792e-08 
-0.15907402336597443 0.029935285449028015 -0.9868127703666687 
-0.9697904586791992 0.18249894678592682 0.16186624765396118 
0.07238614559173584
1.133002758026123
6.907320022583008
