1050.0 0.0 480.0 
0.0 1050.0 270.0 
0.0 0.0 1.0 
-0.009026270359754562 0.9999592304229736 -5.532973545996356e-08 
-0.16156117618083954 -0.0014584144810214639 -0.9868615865707397 
-0.9868214130401611 -0.008907674811780453 0.16156774759292603 
0.06318388879299164
1.1309282779693604
6.907750129699707
1050.0 0.0 480.0 
0.0 1050.0 270.0 
0.0 0.0 1.0 
-0.10621212422847748 0.9943434000015259 1.539378757797749e-07 
-0.16052229702472687 -0.017146354541182518 -0.9868831634521484 
-0.9813008904457092 -0.10481907427310944 0.1614353507757187 
0.057665884494781494
1.1300097703933716
6.907948017120361
1050.0 0.0 480.0 
0.0 1050.0 270.0 
0.0 0.0 1.0 
-0.20231609046459198 0.9793204069137573 -4.293994493309583e-09 
-0.1579800546169281 -0.032636724412441254 -0.9869028925895691 
-0.9664940237998962 -0.19966623187065125 0.16131611168384552 
0.051608920097351074
1.1291813850402832
6.908132553100586
1050.0 0.0 480.0 
0.0 1050.0 270.0 
0.0 0.0 1.0 
-0.2964395582675934 0.9550516605377197 -3.327572883904395e-08 
-0.15396429598331451 -0.04778912290930748 -0.9869201183319092 
-0.9425596594810486 -0.2925620973110199 0.16121050715446472 
0.0450667142868042
1.1284496784210205
6.908297061920166
1050.0 0.0 480.0 
0.0 1050.0 270.0 
0.0 0.0 1.0 
-0.3877067565917969 0.9217829704284668 4.56854074570856e-08 
-0.14851729571819305 -0.06246696785092354 -0.986935019493103 
-0.9097397327423096 -0.3826412260532379 0.1611197143793106 
0.03810286521911621
1.1278201341629028
6.908442497253418
1050.0 0.0 480.0 
0.0 1050.0 270.0 
0.0 0.0 1.0 
-0.4752705693244934 0.8798397183418274 -2.245929664468349e-08 
-0.14169347286224365 -0.0765397921204567 -0.9869471192359924 
-0.8683552742004395 -0.46906691789627075 0.1610446721315384 
0.030783653259277344
1.1273016929626465
6.908563137054443
1050.0 0.0 480.0 
0.0 1050.0 270.0 
0.0 0.0 1.0 
-0.5583202838897705 0.8296254873275757 -7.13493264470344e-09 
-0.13355804979801178 -0.08988175541162491 -0.9869566559791565 
-0.8188043832778931 -0.5510379672050476 0.16098594665527344 
0.0231778621673584
1.126895546913147
6.908658504486084
1050.0 0.0 480.0 
0.0 1050.0 270.0 
0.0 0.0 1.0 
-0.6360877752304077 0.7716169357299805 7.49034825275885e-08 
-0.12418711930513382 -0.10237428545951843 -0.98696368932724 
-0.7615577578544617 -0.6277953386306763 0.16094407439231873 
0.015357255935668945
1.126604437828064
6.90872859954834
1050.0 0.0 480.0 
0.0 1050.0 270.0 
0.0 0.0 1.0 
-0.7078530192375183 0.7063598036766052 -3.918155400128853e-08 
-0.11366699635982513 -0.11390732228755951 -0.9869675636291504 
-0.69715416431427 -0.6986279487609863 0.16091947257518768 
0.007391214370727539
1.1264355182647705
6.908769130706787
1050.0 0.0 480.0 
0.0 1050.0 270.0 
0.0 0.0 1.0 
-0.7729523777961731 0.6344640851020813 1.5927086849387706e-07 
-0.10209303349256516 -0.12437722831964493 -0.9869687557220459 
-0.6261962056159973 -0.7628798484802246 0.16091206669807434 
-0.0006411075592041016
1.1263842582702637
6.9087815284729
1050.0 0.0 480.0 
0.0 1050.0 270.0 
0.0 0.0 1.0 
-0.8307809829711914 0.5565994381904602 6.882205383362816e-08 
-0.08956918120384216 -0.1336909532546997 -0.9869670867919922 
-0.5493453145027161 -0.8199535012245178 0.16092205047607422 
-0.00866842269897461
1.1264535188674927
6.908764362335205
1050.0 0.0 480.0 
0.0 1050.0 270.0 
0.0 0.0 1.0 
-0.8808000683784485 0.47348880767822266 -3.0667521855320956e-08 
-0.07620782405138016 -0.1417643427848816 -0.9869627356529236 
-0.46731576323509216 -0.8693166375160217 0.16094975173473358 
-0.016614913940429688
1.1266437768936157
6.908720016479492
1050.0 0.0 480.0 
0.0 1050.0 270.0 
0.0 0.0 1.0 
-0.9225395917892456 0.3859022259712219 2.6727491331257625e-07 
-0.06212826818227768 -0.1485234647989273 -0.9869553446769714 
-0.38086825609207153 -0.910505473613739 0.16099417209625244 
-0.024405956268310547
1.1269527673721313
6.9086456298828125
1050.0 0.0 480.0 
0.0 1050.0 270.0 
0.0 0.0 1.0 
-0.9556047320365906 0.2946522831916809 4.083474323124392e-07 
-0.04745578393340111 -0.15390527248382568 -0.986945390701294 
-0.2908056080341339 -0.9431295394897461 0.16105569899082184 
-0.03197073936462402
1.127376914024353
6.90854549407959
1050.0 0.0 480.0 
0.0 1050.0 270.0 
0.0 0.0 1.0 
-0.979676365852356 0.2005843222141266 2.77901904155442e-07 
-0.03232105076313019 -0.15785831212997437 -0.986932635307312 
-0.1979631781578064 -0.9668746590614319 0.16113311052322388 
-0.03923344612121582
1.1279144287109375
6.908420085906982
1050.0 0.0 480.0 
0.0 1050.0 270.0 
0.0 0.0 1.0 
-0.9945171475410461 0.10457459092140198 8.926543273446441e-07 
-0.01686105877161026 -0.1603422611951828 -0.9869174957275391 
-0.1032063439488411 -0.9815062880516052 0.16122642159461975 
-0.04613912105560303
1.1285598278045654
6.908271789550781
1050.0 0.0 480.0 
0.0 1050.0 270.0 
0.0 0.0 1.0 
-0.9999716877937317 0.007515526842325926 -3.3712377334182975e-10 
-0.0012125106295570731 -0.16132958233356476 -0.9868997931480408 
-0.007417072542011738 -0.9868719577789307 0.1613340824842453 
-0.052608687430620193
1.1293070316314697
6.908103942871094
1050.0 0.0 480.0 
0.0 1050.0 270.0 
0.0 0.0 1.0 
-0.9959701895713806 -0.08968272060155869 4.1374940451532893e-07 
0.014479382894933224 -0.16080525517463684 -0.986879825592041 
0.08850614726543427 -0.9829031229019165 0.16145561635494232 
-0.05859893560409546
1.1301510334014893
6.90791654586792
1050.0 0.0 480.0 
0.0 1050.0 270.0 
0.0 0.0 1.0 
-0.9825286865234375 -0.18611308932304382 -4.1057126054511173e-07 
0.030074432492256165 -0.15876662731170654 -0.9868581295013428 
0.1836671233177185 -0.9696161150932312 0.1615903079509735 
-0.06401407718658447
1.1310824155807495
6.907718181610107
1050.0 0.0 480.0 
0.0 1050.0 270.0 
0.0 0.0 1.0 
-0.9597486257553101 -0.2808603346347809 -1.2078226063749753e-07 
0.04542526230216026 -0.15522560477256775 -0.9868341088294983 
0.2771625518798828 -0.9471126794815063 0.16173569858074188 
-0.06883621215820312
1.132095217704773
6.907504558563232
1050.0 0.0 480.0 
0.0 1050.0 270.0 
0.0 0.0 1.0 
-0.92782062292099 -0.3730272948741913 5.910626654781481e-08 
0.06038994342088699 -0.15020626783370972 -0.9868086576461792 
0.36810651421546936 -0.915581226348877 0.16189178824424744 
-0.07300519943237305
1.1331790685653687
6.907285213470459
1050.0 0.0 480.0 
0.0 1050.0 270.0 
0.0 0.0 1.0 
-0.8870196342468262 -0.4617321491241455 -2.9827404546267644e-07 
0.0748269185423851 -0.14374695718288422 -0.9867815971374512 
0.45562872290611267 -0.8752944469451904 0.16205653548240662 
-0.07648730278015137
1.134326696395874
6.9070587158203125
1050.0 0.0 480.0 
0.0 1050.0 270.0 
0.0 0.0 1.0 
-0.8377056121826172 -0.5461221933364868 1.6095960120310338e-07 
0.08859635889530182 -0.1358996331691742 -0.9867532849311829 
0.5388878583908081 -0.8266086578369141 0.16222837567329407 
-0.07924222946166992
1.1355254650115967
6.906830310821533
1050.0 0.0 480.0 
0.0 1050.0 270.0 
0.0 0.0 1.0 
-0.7803213000297546 -0.6253791451454163 -1.111175151891075e-09 
0.10156511515378952 -0.12672846019268036 -0.9867241978645325 
0.6170766353607178 -0.7699617147445679 0.1624058037996292 
-0.08124184608459473
1.1367624998092651
6.906604290008545
1050.0 0.0 480.0 
0.0 1050.0 270.0 
0.0 0.0 1.0 
-0.7153881192207336 -0.6987277269363403 -1.2585796582698094e-07 
0.11360427737236023 -0.1163126677274704 -0.9866943359375 
0.6894305348396301 -0.7058691382408142 0.16258741915225983 
-0.08246469497680664
1.138030767440796
6.906381130218506
1050.0 0.0 480.0 
0.0 1050.0 270.0 
0.0 0.0 1.0 
-0.643502950668335 -0.7654435634613037 5.892577803479071e-08 
0.12459186464548111 -0.1047435998916626 -0.9866638779640198 
0.7552355527877808 -0.634921133518219 0.1627708077430725 
-0.08289575576782227
1.1393160820007324
6.906162261962891
1050.0 0.0 480.0 
0.0 1050.0 270.0 
0.0 0.0 1.0 
-0.5653344392776489 -0.8248618245124817 3.1044208981256816e-08 
0.134415403008461 -0.09212411195039749 -0.9866335391998291 
0.8138363361358643 -0.5577778816223145 0.1629551202058792 
-0.08252811431884766
1.140606164932251
6.905954360961914
1050.0 0.0 480.0 
0.0 1050.0 270.0 
0.0 0.0 1.0 
-0.4816160202026367 -0.8763825297355652 1.3732407211364261e-08 
0.1429712176322937 -0.07856971025466919 -0.9866033792495728 
0.8646419048309326 -0.4751638174057007 0.16313804686069489 
-0.08136487007141113
1.1418880224227905
6.905757904052734
1050.0 0.0 480.0 
0.0 1050.0 270.0 
0.0 0.0 1.0 
-0.39313971996307373 -0.9194788932800293 -1.4666206027413864e-08 
0.15016716718673706 -0.0642065480351448 -0.9865736365318298 
0.9071335196495056 -0.3878611624240875 0.16331778466701508 
-0.07941079139709473
1.1431500911712646
6.905570983886719
1050.0 0.0 480.0 
0.0 1050.0 270.0 
0.0 0.0 1.0 
-0.3007502555847168 -0.9537028670310974 1.2197402554647852e-07 
0.15592344105243683 -0.04917064309120178 -0.9865444898605347 
0.9408703446388245 -0.2967035472393036 0.16349266469478607 
-0.07668304443359375
1.1443804502487183
6.905396938323975
1050.0 0.0 480.0 
0.0 1050.0 270.0 
0.0 0.0 1.0 
-0.2053373157978058 -0.9786913394927979 -2.8681743202696452e-08 
0.16017355024814606 -0.033605579286813736 -0.9865167140960693 
0.9654953479766846 -0.20256860554218292 0.16366101801395416 
-0.07321023941040039
1.1455638408660889
6.905239582061768
1050.0 0.0 480.0 
0.0 1050.0 270.0 
0.0 0.0 1.0 
-0.10782483965158463 -0.9941700100898743 -1.0102780834131408e-08 
0.16286592185497284 -0.01766383647918701 -0.9864901900291443 
0.9807388782501221 -0.10636802762746811 0.16382111608982086 
-0.06901949644088745
1.1466912031173706
6.90509557723999
1050.0 0.0 480.0 
0.0 1050.0 270.0 
0.0 0.0 1.0 
-0.009164330549538136 -0.9999580979347229 -4.6717389068362536e-08 
0.16396427154541016 -0.0015025020111352205 -0.9864652752876282 
0.9864238500595093 -0.009040183387696743 0.16397127509117126 
-0.06415031105279922
1.147749900817871
6.904966831207275
1050.0 0.0 480.0 
0.0 1050.0 270.0 
0.0 0.0 1.0 
0.08967579901218414 -0.9959710240364075 2.7872705032905287e-08 
0.16344860196113586 0.014716639183461666 -0.9864420890808105 
0.9824677109718323 0.08845997601747513 0.16410979628562927 
-0.058647751808166504
1.1487282514572144
6.904851913452148
1050.0 0.0 480.0 
0.0 1050.0 270.0 
0.0 0.0 1.0 
0.18771935999393463 -0.9822227358818054 -2.2397351528979925e-08 
0.16131597757339478 0.03083028458058834 -0.9864211678504944 
0.9688852429389954 0.18517038226127625 0.1642356961965561 
-0.05256831645965576
1.1496171951293945
6.904753684997559
1050.0 0.0 480.0 
0.0 1050.0 270.0 
0.0 0.0 1.0 
0.2839944362640381 -0.958825945854187 6.874341096363423e-08 
0.15758037567138672 0.046673692762851715 -0.9864026308059692 
0.9457883834838867 0.280132919549942 0.16434726119041443 
-0.0459672212600708
1.150405764579773
6.904669284820557
1050.0 0.0 480.0 
0.0 1050.0 270.0 
0.0 0.0 1.0 
0.3775419294834137 -0.9259925484657288 -1.2612225930297427e-08 
0.15227344632148743 0.06208442896604538 -0.9863865971565247 
0.9133865833282471 0.3724023401737213 0.16444359719753265 
-0.03891110420227051
1.1510870456695557
6.904599666595459
1050.0 0.0 480.0 
0.0 1050.0 270.0 
0.0 0.0 1.0 
0.46742746233940125 -0.8840314149856567 -1.4849810270334274e-08 
0.14544372260570526 0.07690267264842987 -0.9863731861114502 
0.8719848990440369 0.4610579013824463 0.16452322900295258 
-0.03146719932556152
1.15165114402771
6.904542922973633
1050.0 0.0 480.0 
0.0 1050.0 270.0 
0.0 0.0 1.0 
0.5527507662773132 -0.8333466649055481 5.0974634291378607e-08 
0.13715729117393494 0.0909750834107399 -0.9863627552986145 
0.8219820857048035 0.5452128052711487 0.1645861268043518 
-0.023709774017333984
1.152096152305603
6.9045000076293945
1050.0 0.0 480.0 
0.0 1050.0 270.0 
0.0 0.0 1.0 
0.6326558589935303 -0.7744331955909729 1.660716009155294e-08 
0.1274956464767456 0.10415495187044144 -0.9863554835319519 
0.7638662457466125 0.6240236163139343 0.16463115811347961 
-0.015719175338745117
1.1524146795272827
6.904470920562744
1050.0 0.0 480.0 
0.0 1050.0 270.0 
0.0 0.0 1.0 
0.7063418626785278 -0.7078709602355957 7.532902301932154e-09 
0.11655616015195847 0.11630455404520035 -0.986350953578949 
0.6982091069221497 0.6967010498046875 0.16465753316879272 
-0.0075685977935791016
1.152601718902588
6.904453277587891
1050.0 0.0 480.0 
0.0 1050.0 270.0 
0.0 0.0 1.0 
0.7730699777603149 -0.6343207955360413 -1.5676592468594208e-08 
0.1044505313038826 0.12729786336421967 -0.9863496422767639 
0.6256620287895203 0.7625173330307007 0.1646653264760971 
0.0006563663482666016
1.1526570320129395
6.904447555541992
1050.0 0.0 480.0 
0.0 1050.0 270.0 
0.0 0.0 1.0 
0.8321734070777893 -0.554515540599823 -2.798230980260996e-09 
0.09130347520112991 0.13702110946178436 -0.9863513112068176 
0.5469471216201782 0.8208153247833252 0.16465452313423157 
0.008875846862792969
1.152580738067627
6.904453754425049
1050.0 0.0 480.0 
0.0 1050.0 270.0 
0.0 0.0 1.0 
0.8830638527870178 -0.46925288438796997 -1.7514150130182315e-09 
0.07725077122449875 0.14537453651428223 -0.9863563179969788 
0.4628504812717438 0.8710156083106995 0.1646251529455185 
0.017005205154418945
1.1523725986480713
6.904474258422852
1050.0 0.0 480.0 
0.0 1050.0 270.0 
0.0 0.0 1.0 
0.9252384901046753 -0.37938594818115234 -4.2150524848239e-08 
0.062438249588012695 0.1522732675075531 -0.9863642454147339 
0.37421274185180664 0.9126222133636475 0.16457729041576385 
0.024965763092041016
1.1520336866378784
6.904506206512451
1050.0 0.0 480.0 
0.0 1050.0 270.0 
0.0 0.0 1.0 
0.9582850337028503 -0.2858142852783203 -2.1188920840131686e-08 
0.04701979458332062 0.1576491743326187 -0.9863751530647278 
0.28192010521888733 0.9452285170555115 0.1645117700099945 
0.03267776966094971
1.1515698432922363
6.904550552368164
1050.0 0.0 480.0 
0.0 1050.0 270.0 
0.0 0.0 1.0 
0.9818857908248901 -0.18947365880012512 -8.335376833201735e-10 
0.03115498647093773 0.16145069897174835 -0.9863889813423157 
0.1868947148323059 0.9685213565826416 0.1644292026758194 
0.040064096450805664
1.150985598564148
6.9046101570129395
1050.0 0.0 480.0 
0.0 1050.0 270.0 
0.0 0.0 1.0 
0.9958211183547974 -0.09132549911737442 5.361437960260673e-09 
0.015007560141384602 0.1636437624692917 -0.9864054322242737 
0.09008396416902542 0.982283353805542 0.16433048248291016 
0.04705256223678589
1.1502872705459595
6.904682159423828
1050.0 0.0 480.0 
0.0 1050.0 270.0 
0.0 0.0 1.0 
0.9999707341194153 0.007653481792658567 -4.0458200678550327e-10 
-0.0012568276142701507 0.16421166062355042 -0.9864243865013123 
-0.007549580652266741 0.986395537853241 0.16421647369861603 
0.053574372082948685
1.1494816541671753
6.904768943786621
1050.0 0.0 480.0 
0.0 1050.0 270.0 
0.0 0.0 1.0 
0.9943146109580994 0.10648205131292343 -3.362667477802006e-09 
-0.017472481355071068 0.1631556749343872 -0.9864457249641418 
-0.10503874719142914 0.9808374047279358 0.16408857703208923 
0.05956608057022095
1.148578405380249
6.904869556427002
1050.0 0.0 480.0 
0.0 1050.0 270.0 
0.0 0.0 1.0 
0.9789323210716248 0.20418497920036316 -7.550424285795998e-09 
-0.03347569704055786 0.16049405932426453 -0.9864691495895386 
-0.20142215490341187 0.965686559677124 0.16394805908203125 
0.06496977806091309
1.1475869417190552
6.90498685836792
1050.0 0.0 480.0 
0.0 1050.0 270.0 
0.0 0.0 1.0 
0.9540010690689087 0.2998032569885254 4.898498495720105e-09 
-0.04910660162568092 0.15626175701618195 -0.9864943027496338 
-0.29575416445732117 0.9411166310310364 0.16379620134830475 
0.06973350048065186
1.1465164422988892
6.905117511749268
1050.0 0.0 480.0 
0.0 1050.0 270.0 
0.0 0.0 1.0 
0.919792890548706 0.3924042582511902 5.421263438165624e-10 
-0.0642109289765358 0.1505100578069687 -0.9865210652351379 
-0.3871150314807892 0.90739506483078 0.16363473236560822 
0.07381343841552734
1.1453794240951538
6.905263900756836
1050.0 0.0 480.0 
0.0 1050.0 270.0 
0.0 0.0 1.0 
0.8766708374023438 0.4810906648635864 2.7074566588680682e-08 
-0.07864153385162354 0.14330516755580902 -0.9865491390228271 
-0.4746195673942566 0.8648788928985596 0.16346517205238342 
0.07717013359069824
1.1441867351531982
6.90542459487915
1050.0 0.0 480.0 
0.0 1050.0 270.0 
0.0 0.0 1.0 
0.8250841498374939 0.5650098323822021 -1.4203749287844403e-08 
-0.09226004034280777 0.13472741842269897 -0.9865782856941223 
-0.557426393032074 0.8140101432800293 0.16328930854797363 
0.07977437973022461
1.1429507732391357
6.905599594116211
1050.0 0.0 480.0 
0.0 1050.0 270.0 
0.0 0.0 1.0 
0.7655624747276306 0.6433615684509277 2.3360549050721602e-08 
-0.10493795573711395 0.12487010657787323 -0.9866081476211548 
-0.634745717048645 0.7553101778030396 0.1631089299917221 
0.08160257339477539
1.1416847705841064
6.905787467956543
1050.0 0.0 480.0 
0.0 1050.0 270.0 
0.0 0.0 1.0 
0.6987096667289734 0.7154054045677185 5.592116991692819e-08 
-0.11655789613723755 0.11383787542581558 -0.9866383671760559 
-0.70584636926651 0.689373791217804 0.16292577981948853 
0.08263969421386719
1.1404008865356445
6.905987739562988
1050.0 0.0 480.0 
0.0 1050.0 270.0 
0.0 0.0 1.0 
0.6251963973045349 0.7804674506187439 6.095995375154928e-10 
-0.1270143985748291 0.10174539685249329 -0.9866687655448914 
-0.7700628638267517 0.6168618202209473 0.16274146735668182 
0.08287978172302246
1.1391104459762573
6.906197547912598
1050.0 0.0 480.0 
0.0 1050.0 270.0 
0.0 0.0 1.0 
0.5457534790039062 0.8379458785057068 1.678756689216243e-08 
-0.13621477782726288 0.0887167900800705 -0.9866991639137268 
-0.8268003463745117 0.5384945869445801 0.1625581681728363 
0.08232259750366211
1.13782799243927
6.906415939331055
1050.0 0.0 480.0 
0.0 1050.0 270.0 
0.0 0.0 1.0 
0.46116337180137634 0.8873152732849121 9.312444149145449e-08 
-0.14407958090305328 0.07488243281841278 -0.9867287874221802 
-0.8755394816398621 0.45504316687583923 0.16237704455852509 
0.08097410202026367
1.1365633010864258
6.906639575958252
1050.0 0.0 480.0 
0.0 1050.0 270.0 
0.0 0.0 1.0 
0.372251957654953 0.9281317591667175 -1.9583229260433654e-08 
-0.150543212890625 0.06037946417927742 -0.9867579936981201 
-0.9158413410186768 0.3673226535320282 0.16220037639141083 
0.07885289192199707
1.135330080986023
6.906867980957031
1050.0 0.0 480.0 
0.0 1050.0 270.0 
0.0 0.0 1.0 
0.2798807621002197 0.9600347876548767 -2.5548914095452346e-09 
-0.15555396676063538 0.04534893482923508 -0.986785888671875 
-0.9473487734794617 0.2761823832988739 0.16202950477600098 
0.07597935199737549
1.1341396570205688
6.9070940017700195
1050.0 0.0 480.0 
0.0 1050.0 270.0 
0.0 0.0 1.0 
0.1849377304315567 0.9827502965927124 6.00877285705792e-08 
-0.15907402336597443 0.029935285449028015 -0.9868127703666687 
-0.9697904586791992 0.18249894678592682 0.16186624765396118 
0.07238614559173584
1.133002758026123
6.907320022583008
1050.0 0.0 480.0 
0.0 1050.0 270.0 
0.0 0.0 1.0 
0.08832981437444687 0.996091365814209 2.1433493202493992e-08 
-0.16107970476150513 0.014284099452197552 -0.9868381023406982 
-0.9829808473587036 0.08716730773448944 0.1617118865251541 
0.06810683012008667
1.1319289207458496
6.9075398445129395
