1050.0 0.0 480.0 
0.0 1050.0 270.0 
0.0 0.0 1.0 
0.007075508590787649 0.9999750852584839 5.8623506049571006e-08 
-0.031972430646419525 0.00022641566465608776 -0.9994888305664062 
-0.9994638562202454 0.0070720151998102665 0.03197335824370384 
-0.049528561532497406
0.22380700707435608
6.996246814727783
1050.0 0.0 480.0 
0.0 1050.0 270.0 
0.0 0.0 1.0 
-0.09096617996692657 0.9958539605140686 2.8558041265114298e-08 
-0.03186270594596863 -0.0029104668647050858 -0.9994879961013794 
-0.9953441023826599 -0.0909196063876152 0.03199535608291626 
-0.04957824945449829
0.22396187484264374
6.996240139007568
1050.0 0.0 480.0 
0.0 1050.0 270.0 
0.0 0.0 1.0 
-0.18819910287857056 0.9821309447288513 7.822604430884894e-08 
-0.03144541382789612 -0.0060255625285208225 -0.9994873404502869 
-0.9816274046897888 -0.188102588057518 0.032017551362514496 
-0.049149274826049805
0.22411710023880005
6.996239185333252
1050.0 0.0 480.0 
0.0 1050.0 270.0 
0.0 0.0 1.0 
-0.2836824059486389 0.9589183330535889 4.062755465383816e-08 
-0.030723093077540398 -0.009088930673897266 -0.9994866251945496 
-0.9584259986877441 -0.28353673219680786 0.032039329409599304 
-0.04824519157409668
0.2242698073387146
6.996240139007568
1050.0 0.0 480.0 
0.0 1050.0 270.0 
0.0 0.0 1.0 
-0.37648817896842957 0.9264214038848877 -6.694089904613065e-08 
-0.02970186620950699 -0.01207059808075428 -0.9994859099388123 
-0.9259451627731323 -0.37629464268684387 0.0320608951151371 
-0.046875
0.22442114353179932
6.99624490737915
1050.0 0.0 480.0 
0.0 1050.0 270.0 
0.0 0.0 1.0 
-0.46571144461631775 0.8849368691444397 1.5352685522884713e-07 
-0.028390148654580116 -0.014940430410206318 -0.9994853734970093 
-0.8844813704490662 -0.4654715955257416 0.03208161145448685 
-0.04504871368408203
0.22456522285938263
6.99625301361084
1050.0 0.0 480.0 
0.0 1050.0 270.0 
0.0 0.0 1.0 
-0.5504776835441589 0.8348500728607178 9.081094276552903e-08 
-0.026799840852618217 -0.01767089031636715 -0.9994847178459167 
-0.8344197869300842 -0.5501939058303833 0.03210141882300377 
-0.042786598205566406
0.22470471262931824
6.996262073516846
1050.0 0.0 480.0 
0.0 1050.0 270.0 
0.0 0.0 1.0 
-0.6299539804458618 0.7766326665878296 1.1151641388096323e-07 
-0.024945542216300964 -0.020233947783708572 -0.999484121799469 
-0.7762319445610046 -0.6296288371086121 0.032120149582624435 
-0.040106773376464844
0.22483611106872559
6.996273994445801
1050.0 0.0 480.0 
0.0 1050.0 270.0 
0.0 0.0 1.0 
-0.703355610370636 0.7108381986618042 1.4527631719829515e-07 
-0.022844767197966576 -0.02260407991707325 -0.9994834661483765 
-0.7104710340499878 -0.7029922604560852 0.03213765099644661 
-0.037036895751953125
0.2249603271484375
6.996286392211914
1050.0 0.0 480.0 
0.0 1050.0 270.0 
0.0 0.0 1.0 
-0.7699559330940247 0.6380971074104309 -3.71324162529163e-08 
-0.020517008379101753 -0.02475675195455551 -0.9994829893112183 
-0.6377671957015991 -0.7695578336715698 0.032153498381376266 
-0.03360605239868164
0.22507154941558838
6.996300220489502
1050.0 0.0 480.0 
0.0 1050.0 270.0 
0.0 0.0 1.0 
-0.8290936350822449 0.5591099858283997 -2.0864600713821346e-08 
-0.017985427752137184 -0.026670238003134727 -0.9994825124740601 
-0.5588206052780151 -0.8286644816398621 0.03216804191470146 
-0.029842376708984375
0.22517362236976624
6.99631404876709
1050.0 0.0 480.0 
0.0 1050.0 270.0 
0.0 0.0 1.0 
-0.8801783919334412 0.47464269399642944 5.2963951446827195e-08 
-0.015274303033947945 -0.028324680402874947 -0.9994819760322571 
-0.47439685463905334 -0.8797225952148438 0.03218044340610504 
-0.025789737701416016
0.22526276111602783
6.996326446533203
1050.0 0.0 480.0 
0.0 1050.0 270.0 
0.0 0.0 1.0 
-0.922700822353363 0.3855169117450714 1.691505069345567e-08 
-0.012410265393555164 -0.029702801257371902 -0.999481737613678 
-0.3853171169757843 -0.9222226142883301 0.03219122812151909 
-0.021481990814208984
0.22533708810806274
6.996339797973633
1050.0 0.0 480.0 
0.0 1050.0 270.0 
0.0 0.0 1.0 
-0.9562341570854187 0.2926028072834015 -6.131683250032438e-08 
-0.009421774186193943 -0.03079078160226345 -0.9994814991950989 
-0.29245105385780334 -0.9557382464408875 0.032200127840042114 
-0.01696324348449707
0.22539956867694855
6.996349334716797
1050.0 0.0 480.0 
0.0 1050.0 270.0 
0.0 0.0 1.0 
-0.9804419875144958 0.19681064784526825 4.1086275359702995e-07 
-0.006339002400636673 -0.03157637640833855 -0.9994814395904541 
-0.1967085301876068 -0.9799331426620483 0.03220682963728905 
-0.012279748916625977
0.2254442572593689
6.996359825134277
1050.0 0.0 480.0 
0.0 1050.0 270.0 
0.0 0.0 1.0 
-0.9950794577598572 0.09907978028059006 -5.973747363441362e-08 
-0.0031914126593619585 -0.032052673399448395 -0.9994810819625854 
-0.09902836382389069 -0.994563102722168 0.03221110627055168 
-0.007474839687347412
0.22547800838947296
6.996363162994385
1050.0 0.0 480.0 
0.0 1050.0 270.0 
0.0 0.0 1.0 
-1.0 0.0003715314669534564 -2.4523025971001644e-11 
-1.1968259059358388e-05 -0.032213322818279266 -0.9994810819625854 
-0.00037133865407668054 -0.9994810223579407 0.03221343085169792 
-0.002600720152258873
0.22549325227737427
6.99636697769165
1050.0 0.0 480.0 
0.0 1050.0 270.0 
0.0 0.0 1.0 
-0.9951524138450623 -0.09834303706884384 -8.018311064006411e-07 
0.00316877500154078 -0.03205737844109535 -0.9994809627532959 
0.09829197824001312 -0.994636058807373 0.032213468104600906 
0.0022923946380615234
0.22549523413181305
6.996366024017334
1050.0 0.0 480.0 
0.0 1050.0 270.0 
0.0 0.0 1.0 
-0.9805845618247986 -0.19609661400318146 -6.290263740993396e-07 
0.0063171423971652985 -0.031585775315761566 -0.9994810819625854 
0.19599483907222748 -0.9800757169723511 0.0322112962603569 
0.007182717323303223
0.22547894716262817
6.996363639831543
1050.0 0.0 480.0 
0.0 1050.0 270.0 
0.0 0.0 1.0 
-0.9564417004585266 -0.2919234037399292 1.4417406646316522e-07 
0.009401828981935978 -0.030804134905338287 -0.999481201171875 
0.2917719781398773 -0.9559454917907715 0.032206952571868896 
0.01199042797088623
0.22544847428798676
6.9963579177856445
1050.0 0.0 480.0 
0.0 1050.0 270.0 
0.0 0.0 1.0 
-0.9229649901390076 -0.38488489389419556 -3.459786910298135e-07 
0.012393763288855553 -0.029719507321715355 -0.9994816184043884 
0.3846852779388428 -0.9224861860275269 0.032200586050748825 
0.01668691635131836
0.22540093958377838
6.996351718902588
1050.0 0.0 480.0 
0.0 1050.0 270.0 
0.0 0.0 1.0 
-0.8804888725280762 -0.47406744956970215 8.295295117477508e-08 
0.01526102889329195 -0.02834443561732769 -0.9994818568229675 
0.4738217294216156 -0.8800323605537415 0.03219199180603027 
0.021214008331298828
0.22534093260765076
6.996341228485107
1050.0 0.0 480.0 
0.0 1050.0 270.0 
0.0 0.0 1.0 
-0.8294374942779541 -0.5585997700691223 -1.7306529542793214e-08 
0.017976518720388412 -0.02669236622750759 -0.9994820952415466 
0.5583104491233826 -0.8290078043937683 0.03218142315745354 
0.02553582191467285
0.22526776790618896
6.996328353881836
1050.0 0.0 480.0 
0.0 1050.0 270.0 
0.0 0.0 1.0 
-0.7703208923339844 -0.6376568675041199 -2.222634698512138e-08 
0.02051267772912979 -0.024780116975307465 -0.9994826316833496 
0.6373268365859985 -0.7699220776557922 0.032168980687856674 
0.029603242874145508
0.2251787632703781
6.996315956115723
1050.0 0.0 480.0 
0.0 1050.0 270.0 
0.0 0.0 1.0 
-0.7037264108657837 -0.7104711532592773 -4.3587597531313804e-08 
0.02284478396177292 -0.022627808153629303 -0.9994829297065735 
0.7101038098335266 -0.7033624649047852 0.03215441480278969 
0.03338479995727539
0.22507785260677338
6.996301174163818
1050.0 0.0 480.0 
0.0 1050.0 270.0 
0.0 0.0 1.0 
-0.6303166151046753 -0.7763383984565735 -5.083636622771337e-08 
0.024950427934527397 -0.020257309079170227 -0.9994835257530212 
0.7759373784065247 -0.6299908757209778 0.03213867172598839 
0.03683781623840332
0.22496628761291504
6.996288299560547
1050.0 0.0 480.0 
0.0 1050.0 270.0 
0.0 0.0 1.0 
-0.5508180260658264 -0.8346254229545593 -4.245363882660058e-08 
0.02680920995771885 -0.017692890018224716 -0.9994840025901794 
0.8341947197914124 -0.5505337715148926 0.032121241092681885 
0.0399322509765625
0.2248447984457016
6.996273994445801
1050.0 0.0 480.0 
0.0 1050.0 270.0 
0.0 0.0 1.0 
-0.4660165011882782 -0.8847761750221252 -7.987738825931956e-08 
0.02840356156229973 -0.014960117638111115 -0.999484658241272 
0.8843201398849487 -0.4657762050628662 0.03210260346531868 
0.042635202407836914
0.22471299767494202
6.996263027191162
1050.0 0.0 480.0 
0.0 1050.0 270.0 
0.0 0.0 1.0 
-0.3767463266849518 -0.9263165593147278 -5.199005315148497e-08 
0.02971879206597805 -0.012086962349712849 -0.9994852542877197 
0.9258396625518799 -0.3765523433685303 0.03208278492093086 
0.04492449760437012
0.22457444667816162
6.996252536773682
1050.0 0.0 480.0 
0.0 1050.0 270.0 
0.0 0.0 1.0 
-0.28388360142707825 -0.9588589072227478 -1.4249526714138483e-07 
0.030743084847927094 -0.009101662784814835 -0.999485969543457 
0.9583659172058105 -0.28373754024505615 0.03206222504377365 
0.046776652336120605
0.22442959249019623
6.996245384216309
1050.0 0.0 480.0 
0.0 1050.0 270.0 
0.0 0.0 1.0 
-0.18833588063716888 -0.9821047782897949 -8.087820901891973e-08 
0.03146735206246376 -0.00603424571454525 -0.9994866251945496 
0.9816005229949951 -0.18823909759521484 0.032040804624557495 
0.04817461967468262
0.22427958250045776
6.996240615844727
1050.0 0.0 480.0 
0.0 1050.0 270.0 
0.0 0.0 1.0 
-0.0910332128405571 -0.9958479404449463 3.005915516496316e-10 
0.03188592940568924 -0.0029147083405405283 -0.9994873404502869 
0.9953373074531555 -0.090986467897892 0.03201894834637642 
0.049107134342193604
0.22412656247615814
6.996238708496094
1050.0 0.0 480.0 
0.0 1050.0 270.0 
0.0 0.0 1.0 
0.007080720271915197 -0.9999750256538391 -1.0172477260539381e-07 
0.031995873898267746 0.00022673611238133162 -0.9994880557060242 
0.9994629621505737 0.0070771644823253155 0.031996749341487885 
0.049565043300390244
0.22397111356258392
6.996240615844727
1050.0 0.0 480.0 
0.0 1050.0 270.0 
0.0 0.0 1.0 
0.10505843907594681 -0.9944661259651184 -1.7988014633374405e-08 
0.0317976213991642 0.0033593368716537952 -0.9994887709617615 
0.9939576387405396 0.10500483959913254 0.031974684447050095 
0.04954475164413452
0.22381645441055298
6.996245861053467
1050.0 0.0 480.0 
0.0 1050.0 270.0 
0.0 0.0 1.0 
0.2019577920436859 -0.9793943166732788 -5.189441765196534e-08 
0.031294066458940506 0.006453221198171377 -0.9994894862174988 
0.9788942337036133 0.20185478031635284 0.031952597200870514 
0.04904818534851074
0.22366204857826233
6.996254920959473
1050.0 0.0 480.0 
0.0 1050.0 270.0 
0.0 0.0 1.0 
0.2968507409095764 -0.9549239873886108 -1.2455078746143045e-08 
0.030491331592202187 0.00947874877601862 -0.9994902014732361 
0.9544370174407959 0.2966994643211365 0.031930744647979736 
0.04808056354522705
0.22350944578647614
6.996265888214111
1050.0 0.0 480.0 
0.0 1050.0 270.0 
0.0 0.0 1.0 
0.38883230090141296 -0.9213086366653442 -3.398894321549051e-08 
0.02939852885901928 0.012407603673636913 -0.9994908571243286 
0.9208394289016724 0.3886343836784363 0.03190965950489044 
0.04665231704711914
0.22336219251155853
6.996280670166016
1050.0 0.0 480.0 
0.0 1050.0 270.0 
0.0 0.0 1.0 
0.4770287275314331 -0.8788877129554749 -6.49414033659923e-08 
0.02802690863609314 0.015212063677608967 -0.9994913935661316 
0.8784406781196594 0.4767861068248749 0.031889092177152634 
0.04477882385253906
0.2232191115617752
6.9962968826293945
1050.0 0.0 480.0 
0.0 1050.0 270.0 
0.0 0.0 1.0 
0.560605525970459 -0.8280830383300781 -7.017968073341763e-08 
0.02639070339500904 0.017866473644971848 -0.9994921088218689 
0.8276624083518982 0.5603208541870117 0.03186977654695511 
0.04247713088989258
0.22308403253555298
6.996315956115723
1050.0 0.0 480.0 
0.0 1050.0 270.0 
0.0 0.0 1.0 
0.6387749314308167 -0.7693936228752136 6.618537895519694e-08 
0.024506235495209694 0.02034575864672661 -0.9994925856590271 
0.7690032720565796 0.6384508609771729 0.03185129910707474 
0.03977084159851074
0.22295552492141724
6.996335029602051
1050.0 0.0 480.0 
0.0 1050.0 270.0 
0.0 0.0 1.0 
0.7108030319213867 -0.7033911347389221 -3.51936613185444e-08 
0.022392025217413902 0.022628052160143852 -0.9994931817054749 
0.7030346393585205 0.7104427814483643 0.031834445893764496 
0.03668689727783203
0.22283801436424255
6.99635648727417
1050.0 0.0 480.0 
0.0 1050.0 270.0 
0.0 0.0 1.0 
0.7760154604911804 -0.630713939666748 -1.7101813298836532e-08 
0.020068606361746788 0.024692153558135033 -0.9994938373565674 
0.6303945779800415 0.7756227254867554 0.03181908279657364 
0.03325366973876953
0.22273078560829163
6.996377944946289
1050.0 0.0 480.0 
0.0 1050.0 270.0 
0.0 0.0 1.0 
0.8338041305541992 -0.5520604252815247 1.1678991995722754e-08 
0.01755821704864502 0.026519039645791054 -0.9994941353797913 
0.5517811179161072 0.8333823084831238 0.0318048819899559 
0.029506921768188477
0.22263219952583313
6.996396541595459
1050.0 0.0 480.0 
0.0 1050.0 270.0 
0.0 0.0 1.0 
0.8836312294006348 -0.46818357706069946 1.736207266844758e-08 
0.014884833246469498 0.02809319831430912 -0.9994946718215942 
0.4679468870162964 0.8831847310066223 0.031792882829904556 
0.025478839874267578
0.22254857420921326
6.996416091918945
1050.0 0.0 480.0 
0.0 1050.0 270.0 
0.0 0.0 1.0 
0.9250348806381226 -0.37988218665122986 -2.525464992686466e-08 
0.012073523364961147 0.029399842023849487 -0.9994948506355286 
0.3796902596950531 0.9245676398277283 0.031782399863004684 
0.021210908889770508
0.22247575223445892
6.996432304382324
1050.0 0.0 480.0 
0.0 1050.0 270.0 
0.0 0.0 1.0 
0.9576318860054016 -0.28799504041671753 -4.2389558529976057e-10 
0.009150751866400242 0.03042791783809662 -0.9994952082633972 
0.28784963488578796 0.9571484923362732 0.0317741222679615 
0.016742467880249023
0.2224181741476059
6.996446132659912
1050.0 0.0 480.0 
0.0 1050.0 270.0 
0.0 0.0 1.0 
0.9811214804649353 -0.19339245557785034 1.6004504388433816e-09 
0.00614362396299839 0.03116796538233757 -0.9994953274726868 
0.19329483807086945 0.9806263446807861 0.03176769241690636 
0.012115836143493652
0.22237351536750793
6.996457099914551
1050.0 0.0 480.0 
0.0 1050.0 270.0 
0.0 0.0 1.0 
0.9952874183654785 -0.0969686284661293 -8.763771930375697e-09 
0.0030800485983490944 0.03161384165287018 -0.9994955062866211 
0.0969197005033493 0.9947853088378906 0.031763527542352676 
0.007374763488769531
0.2223445624113083
6.996464729309082
1050.0 0.0 480.0 
0.0 1050.0 270.0 
0.0 0.0 1.0 
0.9999999403953552 0.000366308813681826 8.008108607661379e-13 
-1.1634356269496493e-05 0.03176112473011017 -0.9994955658912659 
-0.0003661240334622562 0.9994955062866211 0.03176112473011017 
0.0025641617830842733
0.22232787311077118
6.996468544006348
1050.0 0.0 480.0 
0.0 1050.0 270.0 
0.0 0.0 1.0 
0.9952164888381958 0.09769432991743088 6.536386987221476e-09 
-0.00310286832973361 0.03160920739173889 -0.9994955658912659 
-0.09764503687620163 0.9947144389152527 0.031761135905981064 
-0.0022705793380737305
0.22232793271541595
6.9964680671691895
1050.0 0.0 480.0 
0.0 1050.0 270.0 
0.0 0.0 1.0 
0.9809821844100952 0.19409769773483276 -5.094064725597036e-09 
-0.006165130529552698 0.03115908056497574 -0.9994955658912659 
-0.1939997673034668 0.9804873466491699 0.031763143837451935 
-0.007083773612976074
0.2223418802022934
6.99646520614624
1050.0 0.0 480.0 
0.0 1050.0 270.0 
0.0 0.0 1.0 
0.9574295878410339 0.2886669635772705 4.616573789917311e-10 
-0.009170166216790676 0.030415043234825134 -0.9994953870773315 
-0.28852128982543945 0.9569464325904846 0.03176739066839218 
-0.011830449104309082
0.22237136960029602
6.996457576751709
1050.0 0.0 480.0 
0.0 1050.0 270.0 
0.0 0.0 1.0 
0.9247771501541138 0.38050922751426697 2.0708361248011897e-08 
-0.012090115807950497 0.029383499175310135 -0.9994950890541077 
-0.3803170919418335 0.9243102073669434 0.03177358955144882 
-0.01646566390991211
0.2224145084619522
6.99644660949707
1050.0 0.0 480.0 
0.0 1050.0 270.0 
0.0 0.0 1.0 
0.8833277821540833 0.468755841255188 9.077517404421087e-09 
-0.014897892251610756 0.02807389758527279 -0.9994949698448181 
-0.46851906180381775 0.8828817009925842 0.03178194537758827 
-0.020944595336914062
0.22247251868247986
6.996433734893799
1050.0 0.0 480.0 
0.0 1050.0 270.0 
0.0 0.0 1.0 
0.8334662914276123 0.5525703430175781 1.0217144463808836e-08 
-0.01756727695465088 0.026497716084122658 -0.9994946718215942 
-0.5522910356521606 0.8330451846122742 0.031792137771844864 
-0.025225400924682617
0.22254331409931183
6.99641752243042
1050.0 0.0 480.0 
0.0 1050.0 270.0 
0.0 0.0 1.0 
0.7756563425064087 0.6311554908752441 -2.306366120308212e-08 
-0.02007332630455494 0.024669019505381584 -0.9994941353797913 
-0.6308361887931824 0.7752639651298523 0.031804073601961136 
-0.029269695281982422
0.22262655198574066
6.996397972106934
1050.0 0.0 480.0 
0.0 1050.0 270.0 
0.0 0.0 1.0 
0.7104360461235046 0.7037618160247803 -5.714885276120185e-08 
-0.022392340004444122 0.02260468527674675 -0.9994937181472778 
-0.7034054398536682 0.7100763916969299 0.031818073242902756 
-0.0330357551574707
0.22272391617298126
6.996378421783447
1050.0 0.0 480.0 
0.0 1050.0 270.0 
0.0 0.0 1.0 
0.6384141445159912 0.7696930766105652 -4.934797459554829e-09 
-0.024501999840140343 0.020322933793067932 -0.9994931817054749 
-0.7693029642105103 0.6380905508995056 0.0318334698677063 
-0.03648877143859863
0.22283124923706055
6.996356964111328
1050.0 0.0 480.0 
0.0 1050.0 270.0 
0.0 0.0 1.0 
0.5602644681930542 0.8283137679100037 1.4284879057413491e-08 
-0.02638203278183937 0.017844608053565025 -0.9994926452636719 
-0.8278935551643372 0.5599802136421204 0.03185030445456505 
-0.03959465026855469
0.22294855117797852
6.996336936950684
1050.0 0.0 480.0 
0.0 1050.0 270.0 
0.0 0.0 1.0 
0.47672054171562195 0.8790549635887146 -1.2480160904715376e-08 
-0.028014209121465683 0.015192498452961445 -0.9994921684265137 
-0.8786084651947021 0.4764785170555115 0.03186866641044617 
-0.04232430458068848
0.22307614982128143
6.9963178634643555
1050.0 0.0 480.0 
0.0 1050.0 270.0 
0.0 0.0 1.0 
0.3885688781738281 0.9214197397232056 3.7047637846399084e-08 
-0.029382124543190002 0.012390743009746075 -0.9994915127754211 
-0.9209511280059814 0.3883713483810425 0.0318879634141922 
-0.04465126991271973
0.22321093082427979
6.996298313140869
1050.0 0.0 480.0 
0.0 1050.0 270.0 
0.0 0.0 1.0 
0.2966420650482178 0.9549887776374817 5.461036778342532e-08 
-0.030472027137875557 0.009465456008911133 -0.9994908571243286 
-0.954502522945404 0.2964910864830017 0.031908340752124786 
-0.04655110836029053
0.22335311770439148
6.996281147003174
1050.0 0.0 480.0 
0.0 1050.0 270.0 
0.0 0.0 1.0 
0.20181210339069366 0.9794243574142456 2.6740810454839448e-08 
-0.03127235546708107 0.006443879101425409 -0.9994902610778809 
-0.9789249897003174 0.2017093300819397 0.03192945569753647 
-0.04800677299499512
0.22350023686885834
6.996267318725586
1050.0 0.0 480.0 
0.0 1050.0 270.0 
0.0 0.0 1.0 
0.10498140752315521 0.9944741725921631 4.8949814868137764e-08 
-0.03177449479699135 0.0033543307799845934 -0.999489426612854 
-0.9939664602279663 0.10492781549692154 0.031951069831848145 
-0.049002647399902344
0.22365190088748932
6.9962544441223145
